3533
4374
5572
7117
12732
15709
19377
27793
30027
31096
35264
38902
42219
44522
45258
48235
48753
60398
80163
86505
87661
89621
91913
93501
93604
95463
98560
99616
102631
102941
107824
112495
112888
115500
119828
123286
126197
129727
134387
154823
156424
159279
161090
161238
163082
167788
168922
170821
176473
177095
192516
193209
197249
204403
210499
210513
210704
212577
223301
225488
229906
233033
233143
233551
235354
236409
238097
240489
241754
250682
254439
258391
260264
262649
262861
266053
266458
268941
269241
270527
277775
278906
284515
284540
288164
289909
291315
295642
297734
302851
303580
309006
313449
319462
329164
330962
331002
331550
333337
334367
336908
337663
339037
341779
341968
344734
346023
349326
352691
354756
369900
371336
372230
373868
376782
376830
406446
407640
408553
413078
415519
417636
422061
422940
426909
428080
428534
429187
429860
430283
454654
459188
464250
464625
468869
481866
482061
482513
485744
496024
520315
521490
528483
545577
547964
553964
559706
568624
569699
573257
574682
617667
621306
629862
630778
633225
634091
637971
639032
647317
666648
666979
671477
686830
689582
695276
704284
704523
708327
720444
722916
723673
731683
734633
741265
747721
753642
755712
769887
769920
776009
780884
781243
782226
786348
790733
797892
800435
805828
812077
826702
834817
845766
851567
852011
852304
853394
853836
855591
860074
895702
896208
909820
916136
922371
957619
963397
964862
968466
968512
969946
970683
972431
974017
977682
992610
1006084
1006380
1013564
1015406
1024048
1025728
1029637
1033706
1034574
1046008
1059906
1074415
1078088
1089972
1090756
1091982
1092236
1096320
1104975
1112911
1116514
1116865
1119887
1123420
1124256
1134339
1136562
1138937
1141827
1142524
1143596
1143646
1144187
1144527
1151201
1151523
1164463
1168083
1168652
1174403
1179100
1181857
1184867
1195054
1202395
1223040
1249758
1262199
1271287
1276421
1279458
1281642
1282546
1290680
1290936
1295339
1313304
1313562
1324521
1329520
1338016
1342564
1348140
1368909
1376080
1378455
1380370
1382630
1383192
1385801
1391299
1398435
1401754
1410296
1411300
1418899
1418922
1426961
1427933
1435558
1438649
1439590
1443170
1451003
1454362
1485271
1499260
1499602
1500815
1505730
1519595
1522557
1527363
1528278
1537303
1561939
1566005
1573828
1578217
1595508
1608825
1613793
1614638
1622819
1639591
1656369
1677791
1679672
1685388
1688964
1689488
1691251
1692635
1703769
1705090
1709137
1712155
1722697
1742288
1752436
1752711
1758589
1759131
1779606
1782562
1785849
1788141
1788436
1788878
1790919
1795091
1798635
1800864
1810808
1813487
1813682
1814301
1815411
1818970
1854989
1872871
1876095
1877818
1882136
1907472
1925856
1987165
1987438
2002178
2015382
2021262
2024439
2039432
2046509
2047983
2071635
2074002
2085269
2093403
2095955
2100042
2144613
2145290
2145958
2154872
2174622
2181263
2182595
2184189
2185881
2187337
2211574
2217010
2221089
2226336
2238738
2241167
2246352
2257389
2271632
2280882
2302995
2311931
2321903
2323597
2328135
2335283
2335366
2341635
2345464
2348402
2354895
2378063
2385946
2400045
2429013
2433455
2433857
2443834
2455014
2457213
2463759
2499817
2518804
2521584
2522400
2534235
2543065
2548130
2551735
2579259
2617245
2619295
2619479
2625983
2632207
2632783
2635027
2640094
2645568
2650842
2657431
2661823
2664707
2674654
2684692
2686790
2691756
2691941
2694253
2696707
2704866
2708438
2724421
2725550
2743131
2761579
2765516
2782566
2783445
2785135
2791051
2796077
2799344
2806174
2815527
2817130
2821300
2825451
2830686
2834837
2841654
2844089
2861412
2874130
2875523
2880800
2881456
2882324
2889448
2905530
2908998
2910338
2915589
2927525
2934297
2943717
2957679
2960353
2963414
3004595
3019018
3038276
3041871
3052758
3056029
3059514
3061872
3068589
3077452
3078812
3093942
3101077
3101748
3104008
3111594
3113886
3131166
3136028
3152219
3154207
3156075
3162315
3163432
3169707
3171321
3172389
3178764
3189850
3191992
3196041
3206252
3209968
3219988
3220656
3228667
3262263
3267895
3298174
3324104
3325861
3329185
3333490
3337419
3346741
3365509
3376741
3386275
3395289
3395951
3404383
3415414
3416789
3421818
3426974
3430929
3434300
3441950
3443532
3446171
3455330
3461944
3473442
3477765
3480646
3496243
3506707
3512446
3513326
3528938
3559143
3559407
3571570
3578258
3595842
3606810
3616830
3628979
3637023
3641035
3645715
3645785
3659241
3671327
3673405
3677053
3680638
3680789
3682004
3697783
3698473
3698838
3706728
3712834
3714792
3727461
3727666
3740548
3756393
3759344
3759433
3765772
3766695
3766857
3770833
3773796
3785212
3786862
3791568
3792211
3799423
3818681
3823906
3829291
3845077
3854154
3884700
3887685
3895821
3912395
3913440
3932383
3943877
3945256
3946358
3956504
3962675
3965071
3971063
3979668
3984808
3994935
4004050
4009406
4012902
4014535
4026971
4029776
4039085
4070526
4081140
4090420
4091901
4096322
4101473
4119385
4121763
4133744
4134094
4138247
4148988
4149305
4190450
4198383
4203088
4209318
4213369
4219580
4230525
4233322
4245489
4246362
4248417
4252906
4255411
4265948
4270470
4271809
4278454
4292002
4326211
4342219
4350483
4350763
4351537
4352367
4353809
4359729
4359857
4362537
4364557
4369615
4379039
4390749
4391030
4391563
4393024
4398486
4405810
4415832
4416154
4419321
4420021
4428375
4437520
4440437
4448391
4458886
4464070
4464418
4476028
4476881
4478575
4478712
4480378
4485261
4486695
4493603
4495451
4497291
4497505
4500382
4510212
4512019
4517540
4518549
4530505
4548123
4561470
4575021
4579527
4581678
4587593
4591063
4594825
4595609
4596997
4601171
4611817
4619842
4623291
4623683
4626032
4634507
4657528
4672182
4674741
4679058
4682946
4683001
4685031
4693018
4693217
4693643
4703461
4703893
4707741
4716745
4717182
4727966
4754396
4759833
4761956
4762925
4771587
4773293
4774437
4778905
4787095
4794910
4807992
4824324
4826522
4830591
4832268
4833969
4839464
4856253
4859833
4864736
4874914
4895369
4917949
4934033
4941379
4941728
4954956
4957472
4960381
4970693
4970964
4974126
4978343
4984438
4985914
4990445
4991797
5009377
5015386
5018980
5022389
5022755
5025133
5026873
5031804
5034976
5048225
5053067
5053230
5053837
5058400
5068384
5076810
5077347
5080976
5094635
5098599
5101815
5104327
5106040
5112330
5112698
5123124
5133993
5147581
5152978
5164878
5180818
5190572
5196497
5203966
5207622
5214345
5220382
5226044
5236256
5238118
5238964
5247173
5261664
5267518
5276366
5278125
5284139
5312819
5313080
5313504
5315516
5323285
5331464
5332970
5347568
5347868
5358223
5371131
5371146
5371858
5385859
5393815
5408574
5415264
5417528
5424935
5426845
5431179
5441953
5448945
5455059
5458535
5462790
5464430
5465221
5468614
5474693
5477716
5480785
5487735
5492052
5498326
5510980
5516427
5522041
5526852
5529423
5534834
5537835
5544313
5544461
5546354
5546388
5551097
5551512
5565204
5566770
5571248
5582302
5585952
5595680
5598277
5600102
5600615
5612973
5628244
5629455
5632701
5636895
5637120
5641116
5650404
5651489
5655977
5657310
5659693
5660892
5673626
5676874
5682344
5682519
5700880
5702404
5706918
5712765
5717282
5717631
5727909
5729635
5729975
5734213
5734484
5734521
5745771
5758464
5765122
5777305
5777830
5785199
5797819
5804553
5806436
5809187
5810285
5814128
5814231
5815546
5819165
5823549
5825334
5829483
5833543
5836249
5838395
5844370
5847004
5847614
5854085
5858240
5861639
5868259
5878594
5880132
5883239
5898828
5902967
5903797
5904475
5906400
5916373
5918155
5920747
5922861
5926480
5931048
5935847
5944457
5945458
5949046
5949598
5951693
5966263
5966407
5973848
5974162
5979625
5985251
5987847
6001730
6006149
6006338
6010459
6010633
6031731
6039494
6043535
6044943
6046190
6047900
6058201
6062082
6064183
6066166
6071001
6077109
6077289
6078001
6079347
6097533
6106541
6108168
6114892
6119113
6121378
6121514
6129689
6154401
6155860
6163212
6168054
6169943
6173192
6175327
6175397
6177628
6181280
6187447
