4705
5636
5686
8946
30865
36233
57357
68532
71091
101143
106146
111824
115980
121592
123669
136925
171967
175358
176006
178381
186467
189699
192711
224740
226494
228445
232459
247804
252970
288385
302299
305764
307226
314477
315831
372336
386535
393085
450196
473326
495807
497293
498089
500001
503438
504153
515889
560217
574289
593295
596258
601500
622213
623215
624260
635665
639218
662480
675564
705985
787424
812228
812249
841432
902128
916765
921909
935384
937404
968360
996586
1017649
1019400
1021741
1052990
1060539
1062299
1064597
1103951
1104317
1123274
1139095
1148911
1161337
1174737
1191703
1201499
1210639
1255902
1257876
1284870
1304167
1329337
1341093
1388109
1390316
1409458
1410527
1414229
1432071
1443971
1455978
1486754
1492044
1530336
1553514
1623866
1627160
1636657
1682475
1698909
1710256
1712727
1727391
1733285
1737458
1742040
1785655
1822359
1831606
1839432
1855077
1864282
1880500
1888806
1893538
1904606
1905264
1924751
1930844
1956902
1973850
1980592
1983544
1984017
1984329
2045884
2086705
2093434
2147509
2151015
2166190
2193915
2208240
2209059
2215576
2219542
2219929
2223547
2228013
2235726
2251964
2265003
2272324
2281106
2293144
2295774
2318006
2335207
2339701
2340720
2341503
2392708
2396547
2424375
2472866
2479432
2487813
2496664
2517009
2518034
2519986
2553556
2571084
2573926
2574147
2589431
2598801
2609354
2616804
2669043
2710258
2727462
2764410
2842330
2915978
2925256
2926596
2971485
3026604
3053795
3065167
3158104
3215257
3222711
3228777
3242421
3255626
3262275
3301474
3302895
3319159
3331955
3342582
3354905
3379434
3387496
3401764
3428279
3428816
3444337
3479936
3521658
3568694
3638837
3661762
3668503
3722943
3767737
3790883
3817602
3826186
3865690
3904789
3913008
3982875
4004177
4008865
4054383
4074609
4095850
4130704
4133899
4180885
4210997
4239836
4253781
4265560
4323092
4386479
4409997
4419729
4433867
4445767
4463410
4549356
4556173
4597981
4649057
4674162
4712602
4743765
4752009
4752413
4760106
4812032
4854542
4978343
5006100
5012759
5030211
5036379
5041765
5088207
5111547
5114453
5132303
5179661
5191130
5224376
5229941
5241136
5263029
5269078
5306909
5320965
5336362
5355392
5456819
5469083
5481008
5553468
5597531
5634260
5653959
5668670
5706756
5724695
5731037
5762182
5777971
5792005
5797340
5825325
5851281
5860157
5861435
5895456
5912226
5921973
5933936
5947822
5999507
6007221
6017678
6054826
6062060
6086116
6101463
6145373
6170743
6198039
6257434
6271513
6286261
6313179
6314846
6356717
6398705
6435904
6491586
6508708
6518933
6530315
6550576
6595252
6616903
6662049
6762724
6816911
6824733
6838166
6920292
6937321
6966353
6990650
7008274
7019955
7037074
7088175
7118673
7183235
7192276
7285862
7343604
7362894
7386351
7386931
7452597
7467844
7470043
7588739
7592461
7600596
7679487
7694486
7718472
7722101
7761329
7772788
7783269
7823378
7838375
7928890
7951273
7961439
7962729
7968625
7969018
8019321
8071723
8074163
8074695
8086463
8098130
8099403
8140536
8146394
8252631
8352280
8364913
8383551
8384820
8438759
8515993
8534662
8552921
8567178
8603440
8604327
8618221
8627033
8644367
8697640
8714213
8906023
8926858
8951871
8997895
9032843
9054165
9118775
9131254
9193086
9197081
9288235
9339327
9353208
9353838
9368789
9383951
9466704
9483701
9565757
9572538
9601425
9615027
9625555
9651556
9741652
9746677
9805339
9855699
9870749
9916479
9961434
9978955
9985030
9991136
10023459
10027250
10027690
10030525
10087186
10103967
10151572
10156148
10219559
10275067
10284203
10304488
10396388
10428851
10453612
10485610
10534937
10548475
10554396
10589271
10671568
10689266
10769533
10799382
10818092
10844097
10895299
10934653
10970034
11028199
11033325
11044131
11070298
11071550
11094839
11100031
11120766
11161932
11196083
11252625
11270922
11276518
11281606
11310041
11311423
11324973
11418211
11592432
11611042
11624261
11624680
11633796
11645732
11664477
11686755
11760455
11772950
11782960
11847004
11872070
11884529
11925655
11956664
11964379
12045771
12087455
12090917
12198173
12246757
12259921
12305963
12342887
12347073
12374114
12389171
12460624
12485766
12538628
12582494
12586775
12597911
12600332
12610783
12651436
12702530
12871918
12886814
12895059
12907714
12925272
12939281
12993831
13069936
13080009
13133161
13173379
13205313
13247854
13251230
13308269
13335318
13438982
13510206
13770342
13778155
13800713
13834097
13859218
13867165
13899769
13910967
13950565
14002272
14109291
14157614
14221682
14246169
14535136
14548078
14559237
14617793
14659170
14687172
14722702
14784860
14839448
14861363
14881094
14881908
14885455
14911354
14935364
15001378
15080297
15129924
15155289
15280057
15280195
15295295
15335126
15350457
15411783
15459497
15497278
15507033
15510162
15526308
15527399
15570570
15571106
15575088
15578066
15652895
15655801
15706309
15718250
15734342
15734424
15897262
15917614
15934487
15945118
15947157
15967458
15982622
16004905
16021501
16040416
16079980
16176033
16184136
16191901
16213296
16250840
16293403
16307750
16346052
16366229
16366548
16427768
16452761
16486648
16642356
16669684
16669709
16683785
16705797
16715295
16726586
16775466
16820448
16951593
16960756
16966738
16975156
16991739
17005549
17057954
17062933
17084820
17140390
17186559
17242605
17250011
17320345
17362458
17367845
17407803
17412222
17449050
17452648
17536000
17553028
17598615
17646969
17655739
17710959
17738143
17758458
17772067
17876919
17893783
18010687
18098370
18142719
18170514
18210021
18270343
18368565
18429097
18440157
18517898
18523776
18573944
18575813
18584418
18723252
18755984
18801013
18824980
18827181
18846557
18848633
18865836
18881408
18883252
18913923
18914033
18928843
18933655
18950834
18979284
18994808
19016606
19032335
19036924
19038467
19067164
19086929
19156909
19158291
19160504
19203353
19307267
19321138
19361580
19539616
19589161
19593121
19626266
19648183
19686939
19689718
19712884
19870639
19957102
19982299
20041313
20072542
20238056
20260145
20288555
20399102
20505796
20543839
20589049
20591158
20591632
20606750
20648861
20677962
20742159
20777181
20805262
20874959
20940663
21015953
21092337
21117246
21133935
21148230
21231113
21247922
21261487
21299357
21312540
21314561
21343573
21415205
21436767
21454629
21480542
21541701
21549870
21564201
21579004
21591082
21618625
21620627
21669818
21709342
21733192
21760991
21831234
21954450
21995348
22024267
22054431
22057556
22064988
22107346
22133534
22141398
22165905
22204284
22222302
22235996
22326876
22358340
22420307
22426777
22477385
22497401
22554298
22585471
22600348
22614352
22661487
22670403
22739332
22764169
22798560
22825252
22850853
22864824
22868949
22880112
23004322
23012541
23165204
23184082
23246714
23254516
23257989
23291482
23305085
23331597
23376053
23395762
23421475
23442693
23504275
23512712
23517784
23528020
23570448
23579126
23581239
23591990
23671173
23690998
23691868
23728966
23751721
23767946
23904408
23912419
23972159
23979398
24038452
24058772
24075992
24078555
24079372
24087043
24098303
24120471
24129163
24135039
24209616
24270312
24274816
24280894
24282149
24290306
24408638
24448786
24449988
24546264
24549511
24553045
24651604
24671360
24707470
24719835
24740094
24787529
24830269
24849961
24851531
24870852
24876491
24923530
24939830
24940742
24945253
24945304
24949814
25043284
25065644
25066768
25123130
25167391
25179177
25231223
25263340
25456959
25465852
25480339
25493824
25550100
25614572
25665829
25734178
25765867
25786649
25797710
25806613
25864396
25906093
26028385
26040251
26043960
26099580
26099849
26109102
26172755
26186554
26356718
26400401
26411483
26478991
26520985
26529193
26593181
26619842
26630498
26719633
26775969
26869530
26890363
26896170
26914093
26991728
27043556
27066800
27078370
27098629
27280856
27414985
27476634
27501446
27507485
27528147
27541578
27673638
27742401
27826217
27863011
27900053
27911856
27917170
27943541
27985273
28016166
28135877
28170486
28213990
28274285
28280321
28310627
28352353
28370943
28444024
28457104
28517241
28623021
28625525
28673925
28750293
28833612
28847539
28862171
28951846
28983699
29005407
29017305
29125922
29171489
29218146
29258276
29261702
29277223
29335198
29344255
29344678
29406691
29430342
29552980
29553816
29564339
29595254
29733093
29746603
29769413
29773838
29780419
29826115
29828744
29895551
29898436
29920937
30018807
30069907
30084662
30209009
30210881
30220626
30230967
30305334
30493264
30501309
30512630
30555622
30673873
30744222
30797552
30799550
30804315
30809332
30823056
30866714
30957950
30995998
31069634
31097289
31287082
31339383
31343688
31352170
31389708
