141
290
492
618
751
1108
2203
2345
2379
2389
3043
3360
3375
3397
3733
3899
3914
4787
4976
5045
5046
5395
5547
5796
8024
8736
8787
9263
10081
10527
10690
10977
11323
11767
12181
12364
13191
13218
13374
14345
14705
14896
15069
15757
16051
16178
16565
18440
18559
19161
19510
19971
20063
20570
21599
21659
21787
22203
25804
26335
26928
27188
28565
28717
28897
29263
29394
31818
32983
33040
33481
37010
37011
38109
38376
39034
39297
40133
40842
41066
41293
41513
43219
44267
44611
45296
47649
47802
49846
51237
51245
53520
53729
54858
57847
59139
59452
60100
60169
60426
61911
62229
66954
67520
69285
69336
72067
73590
73667
74199
74813
74835
75161
77761
78913
83544
84773
85796
86130
92012
92415
93215
94970
95189
95560
97555
98010
98777
99877
99985
100735
100822
101972
103285
103341
103626
104471
106244
106577
109484
110492
110561
111667
111819
113023
115181
115894
116570
118388
118827
119571
132613
133810
140373
141054
148891
158788
161171
162256
168083
179428
183919
183997
186079
188055
191885
192850
193307
198381
198586
201596
203183
206336
209533
209546
216542
217589
217723
220472
245435
247834
253723
254286
256016
263659
270103
272273
278421
285730
291062
293484
299095
299521
300153
305511
310061
312243
314303
316101
318793
323603
330703
346943
351271
357918
359629
360102
360488
368876
373563
388488
443007
473741
496582
497781
501872
503247
503267
512283
515217
525290
534588
537259
546732
560752
562660
582852
584475
588556
605613
671894
709732
710069
720405
763531
767965
777025
790221
809991
826909
828511
860842
893997
953298
957029
1034715
1064064
1067525
1070894
1106209
1165902
1196021
1199043
1200964
1203927
1273895
1314512
1423906
1430077
1469974
1472188
1624328
1648322
1722087
1755487
1774730
1937686
2042238
2284345
2332017
2497067
2655245
2684640
2909285
2994651
3110864
3221050
3238302
3289025
3330635
3362087
3369883
3394050
3466135
3680626
3753262
3838633
3840777
3958260
3992421
4021774
4094187
4274494
4809212
4914818
5132167
5135479
5193014
5267361
5290879
