438
548
1124
2590
2622
5223
5238
7771
8436
8773
9090
9121
9158
9409
10453
11983
12069
14047
14265
14567
15644
17354
17642
21792
25657
26446
29400
29404
30587
30650
31556
31954
32029
32328
33661
33692
34022
35041
36301
39586
41198
42822
46814
47013
48503
50499
53822
58434
62503
66793
68417
68637
70667
72001
75549
80678
82072
82293
82416
84717
87055
90086
91027
91190
92021
92116
92674
94083
95349
95594
98954
102154
103616
112473
114245
114345
118984
122437
123182
127010
127891
130505
132708
133747
141980
144183
147132
148890
148891
154294
155005
167598
168054
169112
170149
170411
174816
189085
192086
210995
219495
222874
247879
265721
274242
274303
275508
287481
296313
296875
305118
334862
383112
415549
435878
450100
491918
546557
547067
588556
633626
660480
719909
722673
762244
767219
1019744
1040745
1068004
1087233
1197152
1496289
1529410
1611500
1615197
1717610
1976787
1991746
1998540
2601711
2953226
3547116
3556351
3744442
3764399
4521965
5132167
5262059
5312467
5413375
