1424
1596
1681
2803
4576
5441
5635
8062
11670
12409
12712
13511
14569
15984
16651
16696
19383
21107
22832
23165
28212
31025
31474
31502
35531
36751
37326
37871
38101
39624
39846
43389
46421
53591
56373
57684
58197
61559
64404
64520
68898
85126
90901
98142
98424
101936
108793
111109
118388
124027
135842
141681
163490
171590
181795
187623
198672
206317
206836
208604
220667
222531
225908
229712
234966
239350
265394
279997
294577
295154
296443
343897
349147
358183
383664
397730
403899
456111
517697
527657
552566
663519
729716
838082
958346
1056124
1254218
1285526
1544431
2199411
2294536
2302193
3042173
3355272
3706976
3954018
4292979
4881889
5290879
5608822
