1902
2067
3410
4049
4054
4721
6614
6629
6794
7955
8311
8389
8520
9236
9476
9531
10568
10974
12384
13159
14533
14752
14958
15736
16880
17443
18664
19331
19694
20057
20709
22385
22576
22915
23726
24451
24603
25432
25662
26428
26458
27790
27918
28314
28381
29932
30041
30299
31392
31463
32173
32745
33299
34040
34289
36896
37764
43271
43405
43449
46710
46991
47905
48570
48644
49728
51763
52755
52780
55904
56656
58296
63526
64072
65626
67538
68493
70023
71966
73370
74573
78160
81887
84625
93423
99063
108956
118372
128362
128549
131007
132071
142292
142510
147429
150969
155452
157472
160112
165278
165908
189945
194350
195457
198474
200842
202664
204679
209131
223204
230361
233717
240989
248206
267008
267624
268988
281923
292736
293253
307157
308293
312990
351949
365088
386023
403717
430994
443459
451170
451203
461635
477505
498127
522634
534366
543675
548711
682586
764772
896953
903002
903485
920501
947219
968777
1051892
1068282
1102458
1110265
1139206
1142605
1171869
1332321
1345780
1424178
1472206
1503073
1519160
1690448
1794722
1797946
1855215
1866473
1866627
1903166
1932784
1988236
2183356
2264036
2346975
2403543
2757511
3016271
3181419
3562929
3595160
4637590
4779630
5007072
5077457
5792809
5956143
6419809
7766419
8484783
10444102
12766321
14640471
15247542
17349325
17917891
18842022
18994363
19283151
20597793
21221606
21684015
23615827
24437894
