1395
1800
2358
2963
3637
4345
4484
4517
6963
8630
8828
9264
9550
9707
10274
10591
11988
12686
13171
13277
13721
13774
14065
14291
14680
14795
16300
16493
18167
18539
18906
19031
19766
20320
20897
21626
23203
23251
23549
25216
26173
27036
27165
28891
29109
30118
31292
31471
31586
33302
34230
34282
36197
37045
37342
37661
41896
42967
43675
43810
44730
44885
44953
45010
47428
47542
48097
49544
49696
50239
52738
53878
55092
55951
60355
62512
63741
63922
64966
65905
66537
66932
68836
70613
70929
70938
72317
73066
73874
74667
75459
76264
79506
80756
85479
86632
89797
91116
91648
92602
92894
92946
93961
94110
97205
97582
99821
100782
101827
102326
103131
104944
104984
109005
109509
113379
113570
116405
122475
124364
125674
125944
134027
140466
142510
142662
146169
146192
147084
149044
149545
154228
155383
156002
156653
162158
162401
165278
165915
166680
168280
168877
170017
174821
175537
175634
175959
176934
177519
177729
178506
178877
180181
181592
182544
182664
183628
187118
188257
188488
188764
191924
192981
193374
195158
204971
207232
207599
212031
212420
213135
217512
221558
223356
229967
232343
232460
236074
237966
255244
260578
261908
263746
264293
264851
266999
267513
267667
269476
269784
275051
277353
277718
277876
284163
288490
289661
290251
290479
291715
291811
293320
294752
296604
298262
302759
302848
307869
308934
310435
312714
315495
316133
320278
322497
327880
331454
332243
332565
332961
333314
333522
334556
337140
339988
349790
350398
352045
355502
356223
363325
363413
365698
365944
367091
372857
372899
376581
382466
382737
382967
386491
386898
400686
404519
408414
408896
412480
417493
417851
420108
423933
430022
435565
439536
439841
440996
441194
449899
451642
455412
458227
463025
468445
483086
489905
490608
493129
494423
495239
507717
510103
518435
520495
528805
528933
529418
533467
537010
543048
543410
550548
554263
564590
566953
578450
594681
595801
623020
631145
632092
633266
637066
638114
639569
641554
644550
645628
650498
658376
679485
689499
698999
702240
710778
711720
713611
723742
729976
735823
754364
755424
762997
764257
766900
768808
779743
782140
793703
803754
851730
853120
854427
861732
871169
898419
902787
908464
921042
928866
930169
933652
947375
949755
957684
958457
964597
968171
969647
973382
974396
983126
986329
996250
1000214
1009315
1013814
1017527
1018093
1019612
1030243
1039856
1045318
1048709
1060085
1069397
1083509
1089634
1102000
1114438
1120080
1120461
1146145
1146443
1150748
1184344
1190566
1198958
1200064
1211728
1241279
1243129
1276990
1286893
1323104
1335730
1353815
1362114
1370087
1379860
1389343
1410257
1437022
1451848
1480584
1492831
1514948
1537516
1540766
1549637
1554529
1575363
1599800
1605798
1609886
1649198
1651314
1664132
1690338
1692744
1740620
1792150
1876060
1926432
1942620
1947159
1952552
1977527
2046281
2067800
2073056
2119332
2126609
2136278
2147935
2163534
2240967
2322706
2345293
2371361
2460481
2480627
2510668
2514951
2703248
2842718
2924002
2967775
3015361
3110555
3183196
3214934
3345384
3349834
3402947
3528947
3704148
4190455
4308236
4350617
4525199
4675739
4727431
5144767
5275459
5347856
5499792
5669931
5686387
5893784
5969862
6005258
6880521
7258728
7572270
8145410
8296503
8673728
8755141
8942465
9075835
9288347
9433748
10207851
10280894
10347667
10519497
10631826
11232969
11271100
11291214
11851078
13188471
13666696
13697410
15263646
15835942
16121443
18592743
18841893
18949501
19009060
19159283
19725260
20205350
20501277
21183697
21336452
21438392
22216220
23140545
23306251
23686446
25439083
26482919
27287957
27484195
28952356
29188721
30871308
