1568
2362
19898
20056
20971
22626
26090
34657
41568
51025
51032
54410
59570
76309
78242
79109
84195
97677
104581
121347
129233
151419
152271
154944
157269
168455
170409
170430
174412
177043
189345
202682
209420
214417
222132
233636
236094
240194
244468
249438
272581
297288
314562
324904
328242
363520
379882
380660
393569
404435
408442
419039
427201
438447
450547
452222
531383
546818
623439
659859
692927
769855
846892
854727
857311
886861
939583
997138
1033826
1043016
1048027
1054632
1094987
1197928
1199638
1276247
1305887
1404218
1466668
1481666
1566846
2076117
2308763
2500915
2543721
2628629
2658782
3469080
3966984
4379928
4501200
5042862
8485514
12699214
18300273
18994363
21234727
25098794
28561637
30864987
